 Time:    98.2426500000000     
 Time:    64.0157030000000     
 Time:    94.5836570000000     
