guess = [
         .08   .007 % lambda
        5    10     % zetaP
        5    10     % zetaN
        0     0     % rho
        1.6   1.6   % sigma
         .7    .01  % delta
        ];
% guess = [ 0.08661289018836135 0.009995726664475207; 5 10; -5 -10; 0 0; 1.63403927305493 1.1238734411799; 0.755523444593241 0.004533687652188219];
% guess = [
%    7.989224202165759E-002 6.543026418901508E-003
%         5    10     % zetaP
%         5    10     % zetaN
%         0     0     % rho
%   1.72796382493980  1.53545038517026
%   0.757073556347106  9.510347938510142E-003
%         ];
% lambda 0.08 0.00722357
% zetaP 5 10
% zetaN 5 10
% rho 0 0
% sigma 1.75374 1.48365
% delta 0.817145 0.00934222
